##########################################################################################
### MCD_v5.3 with climatology average solar scenario.
### JD 2459866.5. Altitude 10.0 m ALS.
### --------------------------------------------------------------------------------------
### Column 1 is East longitude (degrees)
### Columns 2+ are Temperature (K)
### Line 1 is North latitude (degrees)
### --------------------------------------------------------------------------------------
### Retrieved on: 2022-10-14T03:18:24.386991
### Mars Climate Database (c) LMD/OU/IAA/ESA/CNES
##########################################################################################
---- ||   -9.00000e+01   -8.61702e+01   -8.23404e+01   -7.85106e+01   -7.46809e+01   -7.08511e+01   -6.70213e+01   -6.31915e+01   -5.93617e+01   -5.55319e+01   -5.17021e+01   -4.78723e+01   -4.40426e+01   -4.02128e+01   -3.63830e+01   -3.25532e+01   -2.87234e+01   -2.48936e+01   -2.10638e+01   -1.72340e+01   -1.34043e+01   -9.57447e+00   -5.74468e+00   -1.91489e+00    1.91489e+00    5.74468e+00    9.57447e+00    1.34043e+01    1.72340e+01    2.10638e+01    2.48936e+01    2.87234e+01    3.25532e+01    3.63830e+01    4.02128e+01    4.40426e+01    4.78723e+01    5.17021e+01    5.55319e+01    5.93617e+01    6.31915e+01    6.70213e+01    7.08511e+01    7.46809e+01    7.85106e+01    8.23404e+01    8.61702e+01    9.00000e+01
-----------------------------------
-180 ||    1.51126e+02    2.08549e+02    2.06133e+02    2.02873e+02    1.98173e+02    1.96552e+02    1.98391e+02    2.03798e+02    2.08146e+02    2.11988e+02    2.12625e+02    2.11772e+02    2.12105e+02    2.13492e+02    2.13363e+02    2.13074e+02    2.12966e+02    2.12476e+02    2.09957e+02    2.06766e+02    2.00963e+02    1.92194e+02    1.90527e+02    1.90815e+02    1.91419e+02    1.90756e+02    1.89026e+02    1.85504e+02    1.83540e+02    1.80514e+02    1.77610e+02    1.75164e+02    1.78911e+02    1.82430e+02    1.79389e+02    1.73497e+02    1.66892e+02    1.61127e+02    1.55416e+02    1.53469e+02    1.51043e+02    1.50463e+02    1.50430e+02    1.50439e+02    1.50377e+02    1.49854e+02    1.49383e+02    1.47812e+02
-174 ||    1.51126e+02    2.07936e+02    2.04855e+02    2.01052e+02    1.95693e+02    1.94242e+02    1.98029e+02    2.03719e+02    2.06732e+02    2.09362e+02    2.10619e+02    2.10752e+02    2.10815e+02    2.11764e+02    2.11585e+02    2.10547e+02    2.10194e+02    2.10094e+02    2.08440e+02    2.05698e+02    2.01501e+02    1.92392e+02    1.88684e+02    1.91747e+02    1.91587e+02    1.88952e+02    1.87418e+02    1.84858e+02    1.80589e+02    1.78179e+02    1.74805e+02    1.71448e+02    1.72911e+02    1.77414e+02    1.77717e+02    1.73597e+02    1.67255e+02    1.61485e+02    1.56069e+02    1.53898e+02    1.51215e+02    1.50598e+02    1.50493e+02    1.50462e+02    1.50320e+02    1.49862e+02    1.49059e+02    1.47812e+02
-168 ||    1.51126e+02    2.07188e+02    2.04014e+02    1.99530e+02    1.93363e+02    1.91102e+02    1.96273e+02    2.01758e+02    2.05587e+02    2.09153e+02    2.09209e+02    2.10168e+02    2.10039e+02    2.09603e+02    2.08923e+02    2.08281e+02    2.07394e+02    2.07326e+02    2.05835e+02    2.03116e+02    1.99615e+02    1.92642e+02    1.88415e+02    1.90177e+02    1.88624e+02    1.87263e+02    1.85993e+02    1.83244e+02    1.81856e+02    1.78300e+02    1.74938e+02    1.72531e+02    1.70698e+02    1.73796e+02    1.75874e+02    1.73477e+02    1.67893e+02    1.61978e+02    1.58673e+02    1.54850e+02    1.51474e+02    1.50662e+02    1.50514e+02    1.50525e+02    1.50339e+02    1.49869e+02    1.49104e+02    1.47812e+02
-162 ||    1.51126e+02    2.06203e+02    2.03122e+02    1.99060e+02    1.92068e+02    1.89182e+02    1.94491e+02    2.00022e+02    2.04883e+02    2.08086e+02    2.08612e+02    2.08820e+02    2.08626e+02    2.08452e+02    2.06848e+02    2.04846e+02    2.05046e+02    2.05041e+02    2.02504e+02    1.97929e+02    1.93189e+02    1.87158e+02    1.84115e+02    1.84853e+02    1.85602e+02    1.85562e+02    1.84344e+02    1.82426e+02    1.79178e+02    1.76864e+02    1.73512e+02    1.71515e+02    1.70356e+02    1.74880e+02    1.76157e+02    1.73662e+02    1.68343e+02    1.62708e+02    1.59678e+02    1.55315e+02    1.51572e+02    1.50710e+02    1.50561e+02    1.50591e+02    1.50385e+02    1.49915e+02    1.49077e+02    1.47812e+02
-157 ||    1.51126e+02    2.05346e+02    2.01806e+02    1.97371e+02    1.91925e+02    1.87916e+02    1.91456e+02    1.97664e+02    2.02843e+02    2.06237e+02    2.07371e+02    2.07067e+02    2.07654e+02    2.06714e+02    2.06966e+02    2.06969e+02    2.04682e+02    2.02947e+02    1.99424e+02    1.93256e+02    1.87418e+02    1.84095e+02    1.85421e+02    1.90652e+02    1.92649e+02    1.90023e+02    1.85003e+02    1.81413e+02    1.80184e+02    1.76938e+02    1.73341e+02    1.72420e+02    1.69681e+02    1.72186e+02    1.74721e+02    1.73634e+02    1.68829e+02    1.64893e+02    1.60669e+02    1.55489e+02    1.51621e+02    1.50736e+02    1.50606e+02    1.50651e+02    1.50468e+02    1.49969e+02    1.49092e+02    1.47812e+02
-151 ||    1.51126e+02    2.04452e+02    2.01390e+02    1.95839e+02    1.89730e+02    1.87010e+02    1.89732e+02    1.95632e+02    2.02126e+02    2.05540e+02    2.06488e+02    2.04719e+02    2.03670e+02    2.04466e+02    2.03851e+02    2.03727e+02    2.03029e+02    2.01967e+02    1.97361e+02    1.89426e+02    1.82913e+02    1.81523e+02    1.83331e+02    1.84684e+02    1.84252e+02    1.83265e+02    1.81815e+02    1.80037e+02    1.78379e+02    1.75488e+02    1.71777e+02    1.68767e+02    1.65776e+02    1.65338e+02    1.68024e+02    1.71000e+02    1.68397e+02    1.64734e+02    1.60384e+02    1.55108e+02    1.51514e+02    1.50730e+02    1.50646e+02    1.50682e+02    1.50473e+02    1.50014e+02    1.48970e+02    1.47812e+02
-145 ||    1.51126e+02    2.03411e+02    2.00966e+02    1.95792e+02    1.89664e+02    1.86866e+02    1.89691e+02    1.93884e+02    2.00440e+02    2.04441e+02    2.05802e+02    2.04417e+02    2.03200e+02    2.03090e+02    2.02246e+02    2.00785e+02    1.99930e+02    1.98385e+02    1.93406e+02    1.84220e+02    1.79928e+02    1.82022e+02    1.82893e+02    1.81878e+02    1.83271e+02    1.84790e+02    1.82690e+02    1.82802e+02    1.85182e+02    1.82602e+02    1.77866e+02    1.74598e+02    1.68127e+02    1.63643e+02    1.64594e+02    1.68597e+02    1.67447e+02    1.63993e+02    1.59726e+02    1.54811e+02    1.51451e+02    1.50742e+02    1.50701e+02    1.50655e+02    1.50396e+02    1.50048e+02    1.48902e+02    1.47812e+02
-140 ||    1.51126e+02    2.02339e+02    2.00867e+02    1.95184e+02    1.89291e+02    1.85189e+02    1.89669e+02    1.94266e+02    1.99894e+02    2.03195e+02    2.03645e+02    2.03316e+02    2.01639e+02    2.01951e+02    2.02023e+02    2.02247e+02    2.00656e+02    1.97687e+02    1.90370e+02    1.80539e+02    1.75816e+02    1.76919e+02    1.80547e+02    1.80464e+02    1.79136e+02    1.80306e+02    1.82975e+02    1.91945e+02    1.95566e+02    1.89724e+02    1.75790e+02    1.67988e+02    1.66971e+02    1.69864e+02    1.66612e+02    1.65991e+02    1.66337e+02    1.64023e+02    1.59849e+02    1.54725e+02    1.51406e+02    1.50764e+02    1.50714e+02    1.50651e+02    1.50413e+02    1.50086e+02    1.48856e+02    1.47812e+02
-134 ||    1.51126e+02    2.01297e+02    2.00489e+02    1.94782e+02    1.88002e+02    1.84949e+02    1.89033e+02    1.93319e+02    1.98813e+02    2.02313e+02    2.02726e+02    2.01525e+02    1.99370e+02    1.98633e+02    1.98710e+02    2.01665e+02    2.00997e+02    1.96722e+02    1.88035e+02    1.78461e+02    1.74357e+02    1.74047e+02    1.77112e+02    1.77778e+02    1.79459e+02    1.82205e+02    1.87537e+02    2.00649e+02    2.03986e+02    1.98811e+02    1.84311e+02    1.69774e+02    1.63333e+02    1.64596e+02    1.64905e+02    1.64804e+02    1.65840e+02    1.64253e+02    1.59875e+02    1.54244e+02    1.51176e+02    1.50680e+02    1.50684e+02    1.50734e+02    1.50479e+02    1.50099e+02    1.48758e+02    1.47812e+02
-128 ||    1.51126e+02    2.00204e+02    2.00290e+02    1.94497e+02    1.87601e+02    1.84061e+02    1.88155e+02    1.93781e+02    1.98887e+02    2.01607e+02    2.01426e+02    2.00715e+02    1.99332e+02    1.99385e+02    1.98467e+02    1.98896e+02    1.98949e+02    1.97185e+02    1.92952e+02    1.84686e+02    1.76985e+02    1.75190e+02    1.76901e+02    1.75527e+02    1.73674e+02    1.75195e+02    1.76110e+02    1.80839e+02    1.88082e+02    1.86931e+02    1.74653e+02    1.65486e+02    1.65818e+02    1.65456e+02    1.67129e+02    1.67975e+02    1.67077e+02    1.64155e+02    1.59325e+02    1.53956e+02    1.51020e+02    1.50572e+02    1.50618e+02    1.50657e+02    1.50539e+02    1.50147e+02    1.48798e+02    1.47812e+02
-122 ||    1.51126e+02    1.99152e+02    2.00342e+02    1.94346e+02    1.86611e+02    1.83859e+02    1.87145e+02    1.93457e+02    1.98274e+02    2.01334e+02    2.01639e+02    2.00179e+02    1.98828e+02    1.98194e+02    1.96977e+02    1.96792e+02    1.96721e+02    1.97033e+02    1.96006e+02    1.90014e+02    1.82502e+02    1.79572e+02    1.79430e+02    1.73807e+02    1.71998e+02    1.76660e+02    1.77293e+02    1.70126e+02    1.68177e+02    1.65772e+02    1.64346e+02    1.62382e+02    1.58539e+02    1.61555e+02    1.70055e+02    1.74217e+02    1.70943e+02    1.64561e+02    1.58455e+02    1.53604e+02    1.50882e+02    1.50422e+02    1.50490e+02    1.50591e+02    1.50482e+02    1.50143e+02    1.48818e+02    1.47812e+02
-117 ||    1.51126e+02    1.99171e+02    2.00497e+02    1.94198e+02    1.86152e+02    1.84040e+02    1.87579e+02    1.92830e+02    1.96950e+02    2.00723e+02    2.01211e+02    1.99798e+02    1.97597e+02    1.96260e+02    1.95394e+02    1.95332e+02    1.94857e+02    1.93496e+02    1.89983e+02    1.82017e+02    1.77418e+02    1.78395e+02    1.74286e+02    1.74788e+02    1.77156e+02    1.72207e+02    1.69400e+02    1.67726e+02    1.66918e+02    1.65101e+02    1.63381e+02    1.59863e+02    1.58027e+02    1.66355e+02    1.69576e+02    1.74292e+02    1.73014e+02    1.64697e+02    1.57803e+02    1.53292e+02    1.50795e+02    1.50291e+02    1.50424e+02    1.50542e+02    1.50484e+02    1.50000e+02    1.48699e+02    1.47812e+02
-111 ||    1.51126e+02    1.97563e+02    2.00219e+02    1.94374e+02    1.85750e+02    1.84107e+02    1.87266e+02    1.93344e+02    1.96951e+02    1.99732e+02    2.00228e+02    1.99803e+02    1.97577e+02    1.97257e+02    1.98039e+02    1.97587e+02    1.95976e+02    1.93903e+02    1.90532e+02    1.82652e+02    1.74793e+02    1.71220e+02    1.68328e+02    1.75351e+02    1.84432e+02    1.80053e+02    1.78694e+02    1.71242e+02    1.66208e+02    1.65381e+02    1.64895e+02    1.62378e+02    1.58995e+02    1.62513e+02    1.67061e+02    1.70942e+02    1.70820e+02    1.63576e+02    1.57388e+02    1.52970e+02    1.50639e+02    1.50172e+02    1.50326e+02    1.50496e+02    1.50510e+02    1.49835e+02    1.48577e+02    1.47812e+02
-105 ||    1.51126e+02    1.95668e+02    1.99885e+02    1.94704e+02    1.85769e+02    1.84200e+02    1.87627e+02    1.93906e+02    1.96983e+02    1.98541e+02    1.99062e+02    2.00010e+02    2.00604e+02    1.98970e+02    1.97654e+02    1.96882e+02    1.95904e+02    1.94846e+02    1.92592e+02    1.86695e+02    1.79310e+02    1.73467e+02    1.66960e+02    1.63531e+02    1.63887e+02    1.74629e+02    1.91169e+02    1.84484e+02    1.70691e+02    1.62141e+02    1.62418e+02    1.59169e+02    1.57654e+02    1.63405e+02    1.68581e+02    1.70556e+02    1.67371e+02    1.62181e+02    1.57174e+02    1.52591e+02    1.50517e+02    1.50142e+02    1.50253e+02    1.50470e+02    1.50516e+02    1.49712e+02    1.48483e+02    1.47812e+02
-100 ||    1.51126e+02    1.93616e+02    1.99744e+02    1.94531e+02    1.86204e+02    1.84381e+02    1.87325e+02    1.93223e+02    1.96771e+02    1.97860e+02    1.98101e+02    1.98051e+02    1.98046e+02    1.98823e+02    1.97278e+02    1.97563e+02    1.97333e+02    1.98805e+02    1.96792e+02    1.91853e+02    1.82326e+02    1.70292e+02    1.67464e+02    1.66650e+02    1.62940e+02    1.64540e+02    1.74869e+02    1.77483e+02    1.70842e+02    1.63801e+02    1.61146e+02    1.57876e+02    1.55398e+02    1.58978e+02    1.62676e+02    1.65942e+02    1.63197e+02    1.60259e+02    1.56727e+02    1.52271e+02    1.50420e+02    1.50138e+02    1.50291e+02    1.50491e+02    1.50529e+02    1.49634e+02    1.48417e+02    1.47812e+02
-094 ||    1.51126e+02    1.91675e+02    2.01091e+02    1.95321e+02    1.87682e+02    1.84850e+02    1.88037e+02    1.92788e+02    1.95735e+02    1.96989e+02    1.97509e+02    1.97249e+02    1.95664e+02    1.95838e+02    1.93191e+02    1.96358e+02    1.99548e+02    2.02470e+02    2.01001e+02    1.96383e+02    1.91371e+02    1.83738e+02    1.76646e+02    1.71190e+02    1.65832e+02    1.65529e+02    1.66741e+02    1.66546e+02    1.63648e+02    1.62352e+02    1.64411e+02    1.60581e+02    1.55075e+02    1.53021e+02    1.54944e+02    1.59575e+02    1.61580e+02    1.59317e+02    1.56532e+02    1.52539e+02    1.50548e+02    1.50233e+02    1.50400e+02    1.50538e+02    1.50529e+02    1.49684e+02    1.48433e+02    1.47812e+02
-088 ||    1.51126e+02    1.86927e+02    2.01233e+02    1.95829e+02    1.88810e+02    1.86014e+02    1.88570e+02    1.92416e+02    1.95447e+02    1.97683e+02    1.97994e+02    1.98086e+02    1.96852e+02    1.96932e+02    1.95035e+02    1.97759e+02    2.00763e+02    2.03450e+02    2.02531e+02    1.98509e+02    1.94280e+02    1.90680e+02    1.85227e+02    1.75791e+02    1.69632e+02    1.66720e+02    1.66247e+02    1.66276e+02    1.63464e+02    1.61671e+02    1.61120e+02    1.56932e+02    1.53998e+02    1.52354e+02    1.55554e+02    1.60588e+02    1.61777e+02    1.60198e+02    1.57242e+02    1.53040e+02    1.50748e+02    1.50391e+02    1.50521e+02    1.50591e+02    1.50540e+02    1.49779e+02    1.48424e+02    1.47812e+02
-082 ||    1.51126e+02    1.77459e+02    2.01108e+02    1.98049e+02    1.91632e+02    1.89489e+02    1.90421e+02    1.92908e+02    1.95796e+02    1.98711e+02    1.98457e+02    1.99103e+02    1.98109e+02    1.97710e+02    1.95943e+02    1.98048e+02    2.00791e+02    2.02968e+02    2.01928e+02    1.98211e+02    1.95562e+02    1.95127e+02    1.91666e+02    1.84263e+02    1.76312e+02    1.69467e+02    1.66674e+02    1.65113e+02    1.61779e+02    1.59346e+02    1.59337e+02    1.55664e+02    1.52912e+02    1.51245e+02    1.54359e+02    1.60956e+02    1.63988e+02    1.61818e+02    1.55901e+02    1.52748e+02    1.50938e+02    1.50595e+02    1.50673e+02    1.50638e+02    1.50576e+02    1.49795e+02    1.48432e+02    1.47812e+02
-077 ||    1.51126e+02    1.73109e+02    2.01341e+02    1.99857e+02    1.93748e+02    1.90474e+02    1.92207e+02    1.94067e+02    1.95921e+02    1.98846e+02    1.99837e+02    2.00142e+02    1.98360e+02    1.97689e+02    1.96797e+02    1.97533e+02    1.99365e+02    2.00921e+02    2.00405e+02    1.97940e+02    1.97902e+02    2.00768e+02    1.99963e+02    1.89424e+02    1.78462e+02    1.73508e+02    1.70898e+02    1.69971e+02    1.66777e+02    1.62853e+02    1.64016e+02    1.59768e+02    1.54339e+02    1.53353e+02    1.54224e+02    1.61233e+02    1.65443e+02    1.61634e+02    1.54807e+02    1.52232e+02    1.51036e+02    1.50712e+02    1.50731e+02    1.50684e+02    1.50591e+02    1.49866e+02    1.48501e+02    1.47812e+02
-071 ||    1.51126e+02    1.69659e+02    2.01465e+02    2.01508e+02    1.97359e+02    1.92617e+02    1.93807e+02    1.95748e+02    1.98033e+02    2.01636e+02    2.02255e+02    2.02271e+02    1.99882e+02    1.99546e+02    1.99180e+02    1.99166e+02    2.00282e+02    2.00836e+02    2.00730e+02    2.00713e+02    2.02099e+02    2.01997e+02    1.97735e+02    1.86323e+02    1.79784e+02    1.81936e+02    1.82165e+02    1.81303e+02    1.77760e+02    1.70410e+02    1.63453e+02    1.58326e+02    1.56778e+02    1.59260e+02    1.60525e+02    1.63652e+02    1.63165e+02    1.58767e+02    1.53785e+02    1.51326e+02    1.50970e+02    1.50824e+02    1.50724e+02    1.50677e+02    1.50621e+02    1.49856e+02    1.48588e+02    1.47812e+02
-065 ||    1.51126e+02    1.68483e+02    2.02122e+02    2.02922e+02    1.99469e+02    1.94973e+02    1.95299e+02    1.97283e+02    2.00220e+02    2.04382e+02    2.03735e+02    2.03065e+02    2.01471e+02    2.01806e+02    2.02362e+02    2.03035e+02    2.02788e+02    2.01552e+02    2.00451e+02    2.00912e+02    2.02850e+02    2.00593e+02    1.96132e+02    1.89298e+02    1.85008e+02    1.86024e+02    1.86715e+02    1.86252e+02    1.82752e+02    1.78844e+02    1.74820e+02    1.69513e+02    1.65954e+02    1.66281e+02    1.66498e+02    1.65182e+02    1.60272e+02    1.56098e+02    1.53306e+02    1.51200e+02    1.50914e+02    1.50925e+02    1.50735e+02    1.50653e+02    1.50680e+02    1.49676e+02    1.48673e+02    1.47812e+02
-060 ||    1.51126e+02    1.68636e+02    2.02912e+02    2.04217e+02    2.01135e+02    1.97216e+02    1.97789e+02    1.98707e+02    2.02156e+02    2.06836e+02    2.07793e+02    2.06863e+02    2.05201e+02    2.04853e+02    2.05092e+02    2.05613e+02    2.05364e+02    2.04865e+02    2.03668e+02    2.03003e+02    2.02118e+02    1.99047e+02    1.97340e+02    1.94746e+02    1.91960e+02    1.91902e+02    1.91668e+02    1.90713e+02    1.87767e+02    1.84495e+02    1.82714e+02    1.80378e+02    1.76750e+02    1.73192e+02    1.70900e+02    1.66565e+02    1.60195e+02    1.55869e+02    1.53079e+02    1.51203e+02    1.50879e+02    1.50952e+02    1.50754e+02    1.50651e+02    1.50648e+02    1.49835e+02    1.48729e+02    1.47812e+02
-054 ||    1.51126e+02    1.64302e+02    2.03364e+02    2.05257e+02    2.02940e+02    1.99933e+02    2.00266e+02    2.00864e+02    2.05323e+02    2.09494e+02    2.11037e+02    2.11177e+02    2.10283e+02    2.08988e+02    2.07934e+02    2.08446e+02    2.08363e+02    2.07979e+02    2.07820e+02    2.08758e+02    2.07510e+02    2.04893e+02    2.02618e+02    1.99357e+02    1.96252e+02    1.94341e+02    1.93090e+02    1.91650e+02    1.90302e+02    1.88040e+02    1.84787e+02    1.81907e+02    1.79084e+02    1.76366e+02    1.73081e+02    1.67180e+02    1.60919e+02    1.56304e+02    1.52942e+02    1.51231e+02    1.50968e+02    1.50911e+02    1.50762e+02    1.50662e+02    1.50588e+02    1.50227e+02    1.48778e+02    1.47812e+02
-048 ||    1.51126e+02    1.57768e+02    2.03358e+02    2.06526e+02    2.04603e+02    2.02601e+02    2.02428e+02    2.03941e+02    2.08926e+02    2.12070e+02    2.12398e+02    2.13235e+02    2.14013e+02    2.12929e+02    2.11710e+02    2.11418e+02    2.10938e+02    2.09981e+02    2.10194e+02    2.12266e+02    2.11656e+02    2.08870e+02    2.05695e+02    2.01360e+02    1.97636e+02    1.96053e+02    1.94848e+02    1.93007e+02    1.90805e+02    1.88047e+02    1.84697e+02    1.81560e+02    1.79154e+02    1.76647e+02    1.72881e+02    1.66636e+02    1.60801e+02    1.56138e+02    1.52927e+02    1.51276e+02    1.50968e+02    1.50848e+02    1.50768e+02    1.50665e+02    1.50635e+02    1.50483e+02    1.48837e+02    1.47812e+02
-042 ||    1.51126e+02    1.58538e+02    2.03258e+02    2.07380e+02    2.05958e+02    2.05639e+02    2.05689e+02    2.07553e+02    2.12146e+02    2.14074e+02    2.13367e+02    2.14293e+02    2.15033e+02    2.15531e+02    2.14228e+02    2.14415e+02    2.13579e+02    2.13088e+02    2.12478e+02    2.13007e+02    2.12598e+02    2.10448e+02    2.08456e+02    2.04753e+02    2.00794e+02    1.99025e+02    1.97375e+02    1.95046e+02    1.92665e+02    1.90158e+02    1.86690e+02    1.83006e+02    1.79208e+02    1.75259e+02    1.71098e+02    1.65688e+02    1.60344e+02    1.56084e+02    1.52973e+02    1.51289e+02    1.50916e+02    1.50825e+02    1.50783e+02    1.50672e+02    1.50619e+02    1.50445e+02    1.48959e+02    1.47812e+02
-037 ||    1.51126e+02    1.59065e+02    2.04041e+02    2.08050e+02    2.07753e+02    2.08820e+02    2.09361e+02    2.09768e+02    2.13409e+02    2.16781e+02    2.15819e+02    2.16333e+02    2.17119e+02    2.17815e+02    2.16705e+02    2.17737e+02    2.16987e+02    2.17084e+02    2.15663e+02    2.13903e+02    2.13001e+02    2.12421e+02    2.11915e+02    2.08557e+02    2.04929e+02    2.03150e+02    2.00625e+02    1.97690e+02    1.95387e+02    1.92720e+02    1.88741e+02    1.84536e+02    1.80305e+02    1.75545e+02    1.70831e+02    1.65581e+02    1.60268e+02    1.56076e+02    1.52975e+02    1.51307e+02    1.50920e+02    1.50837e+02    1.50801e+02    1.50708e+02    1.50569e+02    1.50141e+02    1.49111e+02    1.47812e+02
-031 ||    1.51126e+02    1.61008e+02    2.04371e+02    2.09152e+02    2.09468e+02    2.11320e+02    2.11884e+02    2.11958e+02    2.15494e+02    2.18041e+02    2.18649e+02    2.19491e+02    2.20517e+02    2.20071e+02    2.19325e+02    2.20352e+02    2.19915e+02    2.19182e+02    2.17912e+02    2.16284e+02    2.15097e+02    2.13677e+02    2.12964e+02    2.11573e+02    2.09044e+02    2.06917e+02    2.04282e+02    2.01258e+02    1.98316e+02    1.94682e+02    1.90376e+02    1.86156e+02    1.81895e+02    1.76890e+02    1.71576e+02    1.65873e+02    1.60496e+02    1.56307e+02    1.53070e+02    1.51385e+02    1.50981e+02    1.50868e+02    1.50817e+02    1.50735e+02    1.50531e+02    1.49877e+02    1.49223e+02    1.47812e+02
-025 ||    1.51126e+02    1.60007e+02    2.04348e+02    2.10058e+02    2.11373e+02    2.14351e+02    2.15828e+02    2.15769e+02    2.18119e+02    2.18634e+02    2.20458e+02    2.21859e+02    2.22682e+02    2.22037e+02    2.22626e+02    2.23056e+02    2.22460e+02    2.20996e+02    2.19874e+02    2.18655e+02    2.17493e+02    2.15988e+02    2.15158e+02    2.14974e+02    2.12810e+02    2.10523e+02    2.08645e+02    2.05512e+02    2.01687e+02    1.97081e+02    1.92397e+02    1.87959e+02    1.83719e+02    1.78770e+02    1.73096e+02    1.66814e+02    1.61241e+02    1.56923e+02    1.53293e+02    1.51532e+02    1.51056e+02    1.50919e+02    1.50824e+02    1.50744e+02    1.50502e+02    1.49674e+02    1.49314e+02    1.47812e+02
-020 ||    1.51126e+02    1.57958e+02    2.03596e+02    2.10539e+02    2.13241e+02    2.16498e+02    2.18209e+02    2.18934e+02    2.20762e+02    2.21005e+02    2.22736e+02    2.24280e+02    2.24805e+02    2.24901e+02    2.25997e+02    2.25973e+02    2.25083e+02    2.23487e+02    2.22538e+02    2.21537e+02    2.20165e+02    2.19357e+02    2.18709e+02    2.17471e+02    2.15863e+02    2.14881e+02    2.13541e+02    2.10458e+02    2.06131e+02    2.01074e+02    1.95608e+02    1.89954e+02    1.85426e+02    1.80820e+02    1.75092e+02    1.68792e+02    1.62601e+02    1.57760e+02    1.53487e+02    1.51665e+02    1.51161e+02    1.50975e+02    1.50829e+02    1.50730e+02    1.50437e+02    1.49515e+02    1.49310e+02    1.47812e+02
-014 ||    1.51126e+02    1.58017e+02    2.03436e+02    2.11005e+02    2.15078e+02    2.18420e+02    2.20064e+02    2.21250e+02    2.23199e+02    2.23940e+02    2.25344e+02    2.27377e+02    2.27990e+02    2.28431e+02    2.29427e+02    2.29745e+02    2.28507e+02    2.26718e+02    2.25307e+02    2.24432e+02    2.23417e+02    2.22438e+02    2.21381e+02    2.20194e+02    2.19174e+02    2.18253e+02    2.16155e+02    2.12599e+02    2.08674e+02    2.04287e+02    1.98128e+02    1.91454e+02    1.86793e+02    1.82626e+02    1.77243e+02    1.71029e+02    1.64116e+02    1.58637e+02    1.53587e+02    1.51727e+02    1.51361e+02    1.51000e+02    1.50818e+02    1.50697e+02    1.50318e+02    1.49350e+02    1.49106e+02    1.47812e+02
-008 ||    1.51126e+02    1.56913e+02    2.03998e+02    2.11648e+02    2.17326e+02    2.20659e+02    2.22300e+02    2.23632e+02    2.25573e+02    2.27006e+02    2.28452e+02    2.30685e+02    2.31443e+02    2.31841e+02    2.32770e+02    2.33625e+02    2.32710e+02    2.30234e+02    2.28160e+02    2.27468e+02    2.26623e+02    2.26129e+02    2.26046e+02    2.25297e+02    2.23918e+02    2.22100e+02    2.18702e+02    2.14981e+02    2.11958e+02    2.07173e+02    2.00766e+02    1.94142e+02    1.88922e+02    1.84399e+02    1.79377e+02    1.73179e+02    1.65783e+02    1.59743e+02    1.53778e+02    1.51820e+02    1.51414e+02    1.50995e+02    1.50826e+02    1.50654e+02    1.50190e+02    1.49185e+02    1.48955e+02    1.47812e+02
-002 ||    1.51126e+02    1.57240e+02    2.03210e+02    2.12403e+02    2.19489e+02    2.22871e+02    2.24302e+02    2.25939e+02    2.27965e+02    2.29580e+02    2.30786e+02    2.32682e+02    2.34127e+02    2.34813e+02    2.35634e+02    2.37003e+02    2.36706e+02    2.33982e+02    2.31878e+02    2.31169e+02    2.30320e+02    2.30417e+02    2.30945e+02    2.30154e+02    2.28471e+02    2.26434e+02    2.23427e+02    2.20746e+02    2.17526e+02    2.11683e+02    2.04985e+02    1.97722e+02    1.91881e+02    1.86852e+02    1.81825e+02    1.75645e+02    1.67893e+02    1.61162e+02    1.54319e+02    1.52035e+02    1.51437e+02    1.51028e+02    1.50812e+02    1.50627e+02    1.50067e+02    1.49125e+02    1.49002e+02    1.47812e+02
+002 ||    1.51126e+02    1.57650e+02    2.04553e+02    2.13461e+02    2.21350e+02    2.25111e+02    2.26185e+02    2.27947e+02    2.30266e+02    2.31970e+02    2.33278e+02    2.35054e+02    2.36990e+02    2.37958e+02    2.38565e+02    2.40109e+02    2.40255e+02    2.38009e+02    2.35828e+02    2.34550e+02    2.33895e+02    2.34072e+02    2.34495e+02    2.33629e+02    2.31716e+02    2.30108e+02    2.28702e+02    2.27085e+02    2.23612e+02    2.17916e+02    2.10119e+02    2.01823e+02    1.95653e+02    1.90394e+02    1.84776e+02    1.78212e+02    1.70066e+02    1.62764e+02    1.55117e+02    1.52307e+02    1.51560e+02    1.51075e+02    1.50774e+02    1.50596e+02    1.50009e+02    1.49076e+02    1.48933e+02    1.47812e+02
+008 ||    1.51126e+02    1.62935e+02    2.07110e+02    2.14852e+02    2.23336e+02    2.27057e+02    2.28180e+02    2.29836e+02    2.32089e+02    2.34060e+02    2.35719e+02    2.37614e+02    2.39797e+02    2.41228e+02    2.42263e+02    2.43337e+02    2.42985e+02    2.40802e+02    2.38301e+02    2.37274e+02    2.37354e+02    2.37374e+02    2.37307e+02    2.36641e+02    2.35322e+02    2.34406e+02    2.33947e+02    2.33399e+02    2.30337e+02    2.23906e+02    2.15622e+02    2.06864e+02    2.00145e+02    1.94183e+02    1.87728e+02    1.80878e+02    1.72385e+02    1.64423e+02    1.56003e+02    1.52572e+02    1.51573e+02    1.51087e+02    1.50780e+02    1.50574e+02    1.49992e+02    1.48985e+02    1.48721e+02    1.47812e+02
+014 ||    1.51126e+02    1.85537e+02    2.08763e+02    2.17349e+02    2.25851e+02    2.28996e+02    2.30495e+02    2.31914e+02    2.33971e+02    2.36066e+02    2.37924e+02    2.39844e+02    2.41911e+02    2.43487e+02    2.44775e+02    2.45433e+02    2.44922e+02    2.43088e+02    2.40633e+02    2.39826e+02    2.40227e+02    2.40372e+02    2.40126e+02    2.40207e+02    2.40372e+02    2.39717e+02    2.39137e+02    2.37970e+02    2.34762e+02    2.28372e+02    2.21485e+02    2.13956e+02    2.05722e+02    1.98474e+02    1.91597e+02    1.84169e+02    1.75030e+02    1.66292e+02    1.57057e+02    1.52912e+02    1.51685e+02    1.51137e+02    1.50803e+02    1.50561e+02    1.50017e+02    1.48915e+02    1.48606e+02    1.47812e+02
+020 ||    1.51126e+02    2.05371e+02    2.11762e+02    2.21183e+02    2.28609e+02    2.31182e+02    2.32979e+02    2.34366e+02    2.36117e+02    2.37956e+02    2.39884e+02    2.41711e+02    2.43639e+02    2.45345e+02    2.47041e+02    2.47454e+02    2.46742e+02    2.45050e+02    2.42986e+02    2.42294e+02    2.42567e+02    2.43005e+02    2.43148e+02    2.44005e+02    2.44746e+02    2.44347e+02    2.43433e+02    2.41847e+02    2.37717e+02    2.33003e+02    2.28859e+02    2.22149e+02    2.12177e+02    2.02502e+02    1.94552e+02    1.86772e+02    1.77636e+02    1.68456e+02    1.58177e+02    1.53138e+02    1.51803e+02    1.51197e+02    1.50804e+02    1.50551e+02    1.50038e+02    1.48875e+02    1.48525e+02    1.47812e+02
+025 ||    1.51126e+02    2.09389e+02    2.15539e+02    2.25321e+02    2.30655e+02    2.33424e+02    2.34901e+02    2.36779e+02    2.38131e+02    2.39620e+02    2.41711e+02    2.43851e+02    2.45385e+02    2.47092e+02    2.49196e+02    2.49822e+02    2.48906e+02    2.47056e+02    2.45308e+02    2.44852e+02    2.45229e+02    2.45505e+02    2.45779e+02    2.46655e+02    2.46661e+02    2.46258e+02    2.45812e+02    2.44793e+02    2.40650e+02    2.36296e+02    2.33462e+02    2.27238e+02    2.17223e+02    2.05950e+02    1.97514e+02    1.90093e+02    1.80329e+02    1.70198e+02    1.59017e+02    1.53307e+02    1.51921e+02    1.51256e+02    1.50821e+02    1.50557e+02    1.50124e+02    1.48886e+02    1.48450e+02    1.47812e+02
+031 ||    1.51126e+02    2.09603e+02    2.18781e+02    2.28283e+02    2.32229e+02    2.34676e+02    2.36872e+02    2.38404e+02    2.39831e+02    2.41446e+02    2.43463e+02    2.45526e+02    2.47283e+02    2.48920e+02    2.50601e+02    2.51402e+02    2.51113e+02    2.49667e+02    2.48249e+02    2.47784e+02    2.48028e+02    2.47674e+02    2.47480e+02    2.47880e+02    2.47388e+02    2.46851e+02    2.46651e+02    2.44348e+02    2.41541e+02    2.39218e+02    2.35890e+02    2.30728e+02    2.22367e+02    2.10549e+02    2.01035e+02    1.92732e+02    1.82364e+02    1.72444e+02    1.60268e+02    1.53591e+02    1.52055e+02    1.51319e+02    1.50867e+02    1.50564e+02    1.50248e+02    1.48931e+02    1.48413e+02    1.47812e+02
+037 ||    1.51126e+02    2.10198e+02    2.21618e+02    2.29763e+02    2.33335e+02    2.35883e+02    2.38637e+02    2.39346e+02    2.41200e+02    2.42966e+02    2.45122e+02    2.46933e+02    2.49034e+02    2.50548e+02    2.51713e+02    2.52664e+02    2.52934e+02    2.52539e+02    2.51786e+02    2.50873e+02    2.50078e+02    2.48560e+02    2.47599e+02    2.48012e+02    2.48649e+02    2.49067e+02    2.48610e+02    2.46038e+02    2.43952e+02    2.42787e+02    2.38849e+02    2.33993e+02    2.27174e+02    2.15727e+02    2.05090e+02    1.95667e+02    1.85560e+02    1.75278e+02    1.61458e+02    1.53842e+02    1.52176e+02    1.51343e+02    1.50879e+02    1.50576e+02    1.50311e+02    1.49081e+02    1.48373e+02    1.47812e+02
+042 ||    1.51126e+02    2.11513e+02    2.23255e+02    2.30563e+02    2.34421e+02    2.37409e+02    2.39356e+02    2.40478e+02    2.42588e+02    2.44423e+02    2.46665e+02    2.48551e+02    2.50797e+02    2.52483e+02    2.52620e+02    2.53020e+02    2.54314e+02    2.54811e+02    2.54199e+02    2.52820e+02    2.50740e+02    2.48432e+02    2.47929e+02    2.49339e+02    2.51343e+02    2.52345e+02    2.51418e+02    2.48916e+02    2.46446e+02    2.44789e+02    2.40846e+02    2.34095e+02    2.28496e+02    2.19365e+02    2.08915e+02    1.98657e+02    1.87981e+02    1.76960e+02    1.62284e+02    1.54058e+02    1.52218e+02    1.51400e+02    1.50873e+02    1.50580e+02    1.50320e+02    1.49242e+02    1.48352e+02    1.47812e+02
+048 ||    1.51126e+02    2.13922e+02    2.24132e+02    2.31264e+02    2.35992e+02    2.38912e+02    2.40120e+02    2.42653e+02    2.44014e+02    2.45534e+02    2.47609e+02    2.49790e+02    2.51806e+02    2.52569e+02    2.52850e+02    2.52918e+02    2.53932e+02    2.55848e+02    2.55862e+02    2.54499e+02    2.52167e+02    2.50524e+02    2.50539e+02    2.51476e+02    2.52904e+02    2.53721e+02    2.53178e+02    2.51150e+02    2.47617e+02    2.44617e+02    2.40352e+02    2.31132e+02    2.27119e+02    2.22529e+02    2.11044e+02    1.99424e+02    1.88321e+02    1.77551e+02    1.63271e+02    1.54218e+02    1.52145e+02    1.51384e+02    1.50864e+02    1.50560e+02    1.50294e+02    1.49367e+02    1.48357e+02    1.47812e+02
+054 ||    1.51126e+02    2.16173e+02    2.25388e+02    2.31847e+02    2.36570e+02    2.39722e+02    2.41532e+02    2.43883e+02    2.44833e+02    2.46193e+02    2.48895e+02    2.50947e+02    2.52206e+02    2.52376e+02    2.52864e+02    2.53437e+02    2.53658e+02    2.56110e+02    2.57164e+02    2.56228e+02    2.54807e+02    2.53920e+02    2.53874e+02    2.53585e+02    2.53355e+02    2.52973e+02    2.52358e+02    2.50600e+02    2.47088e+02    2.43966e+02    2.40356e+02    2.33161e+02    2.28760e+02    2.23077e+02    2.09652e+02    1.98642e+02    1.88096e+02    1.77499e+02    1.63445e+02    1.54033e+02    1.51998e+02    1.51302e+02    1.50806e+02    1.50512e+02    1.50267e+02    1.49360e+02    1.48388e+02    1.47812e+02
+060 ||    1.51126e+02    2.16801e+02    2.26018e+02    2.32445e+02    2.36850e+02    2.40296e+02    2.42532e+02    2.44543e+02    2.45557e+02    2.46960e+02    2.50357e+02    2.52007e+02    2.53092e+02    2.53713e+02    2.53761e+02    2.54264e+02    2.54832e+02    2.56049e+02    2.58226e+02    2.57757e+02    2.56955e+02    2.57050e+02    2.56956e+02    2.56132e+02    2.55301e+02    2.54235e+02    2.53115e+02    2.50946e+02    2.46978e+02    2.43143e+02    2.39464e+02    2.34550e+02    2.28531e+02    2.19226e+02    2.07377e+02    1.98629e+02    1.88123e+02    1.77165e+02    1.62947e+02    1.53640e+02    1.51747e+02    1.51178e+02    1.50724e+02    1.50462e+02    1.50207e+02    1.49336e+02    1.48433e+02    1.47812e+02
+065 ||    1.51126e+02    2.17002e+02    2.26317e+02    2.33021e+02    2.37386e+02    2.40879e+02    2.43295e+02    2.45493e+02    2.46441e+02    2.48140e+02    2.51300e+02    2.52940e+02    2.54196e+02    2.55207e+02    2.55412e+02    2.55782e+02    2.56111e+02    2.55740e+02    2.58153e+02    2.58562e+02    2.58808e+02    2.59153e+02    2.58388e+02    2.57187e+02    2.56208e+02    2.54997e+02    2.53772e+02    2.51657e+02    2.47902e+02    2.43161e+02    2.38392e+02    2.34128e+02    2.26889e+02    2.15810e+02    2.06032e+02    1.97806e+02    1.87353e+02    1.76400e+02    1.61961e+02    1.53108e+02    1.51427e+02    1.50986e+02    1.50639e+02    1.50444e+02    1.50198e+02    1.49364e+02    1.48428e+02    1.47812e+02
+071 ||    1.51126e+02    2.17583e+02    2.26654e+02    2.32930e+02    2.37848e+02    2.41117e+02    2.44095e+02    2.46178e+02    2.47272e+02    2.49031e+02    2.52162e+02    2.53998e+02    2.55229e+02    2.56151e+02    2.56644e+02    2.56793e+02    2.56239e+02    2.55312e+02    2.56804e+02    2.58416e+02    2.59591e+02    2.59545e+02    2.58145e+02    2.55959e+02    2.53786e+02    2.51563e+02    2.49713e+02    2.47716e+02    2.45327e+02    2.42099e+02    2.37837e+02    2.33141e+02    2.24355e+02    2.13407e+02    2.04967e+02    1.96538e+02    1.86197e+02    1.75389e+02    1.61259e+02    1.52711e+02    1.51156e+02    1.50790e+02    1.50548e+02    1.50397e+02    1.50205e+02    1.49377e+02    1.48453e+02    1.47812e+02
+077 ||    1.51126e+02    2.18012e+02    2.26763e+02    2.32365e+02    2.37792e+02    2.41719e+02    2.43875e+02    2.46103e+02    2.47765e+02    2.48892e+02    2.52077e+02    2.54171e+02    2.55379e+02    2.56595e+02    2.56843e+02    2.55219e+02    2.53724e+02    2.55093e+02    2.56994e+02    2.58674e+02    2.59031e+02    2.58389e+02    2.56198e+02    2.51790e+02    2.46673e+02    2.43274e+02    2.40847e+02    2.38462e+02    2.37206e+02    2.36317e+02    2.34171e+02    2.28336e+02    2.18908e+02    2.10137e+02    2.03306e+02    1.94976e+02    1.84711e+02    1.74046e+02    1.61083e+02    1.52672e+02    1.51012e+02    1.50607e+02    1.50449e+02    1.50318e+02    1.50178e+02    1.49343e+02    1.48506e+02    1.47812e+02
+082 ||    1.51126e+02    2.18070e+02    2.26728e+02    2.32021e+02    2.38163e+02    2.41699e+02    2.43670e+02    2.45602e+02    2.47109e+02    2.47624e+02    2.49809e+02    2.53289e+02    2.54605e+02    2.55713e+02    2.55560e+02    2.53913e+02    2.53842e+02    2.55120e+02    2.56462e+02    2.57750e+02    2.58357e+02    2.57576e+02    2.53684e+02    2.46422e+02    2.39546e+02    2.37161e+02    2.36864e+02    2.35189e+02    2.32792e+02    2.30297e+02    2.27392e+02    2.22062e+02    2.14783e+02    2.08083e+02    2.02381e+02    1.94525e+02    1.83207e+02    1.72446e+02    1.60555e+02    1.52639e+02    1.50980e+02    1.50458e+02    1.50318e+02    1.50231e+02    1.50143e+02    1.49368e+02    1.48528e+02    1.47812e+02
+088 ||    1.51126e+02    2.18051e+02    2.26589e+02    2.31783e+02    2.37779e+02    2.41490e+02    2.43390e+02    2.44652e+02    2.46459e+02    2.47276e+02    2.47766e+02    2.51152e+02    2.53193e+02    2.53830e+02    2.53957e+02    2.53688e+02    2.54083e+02    2.54621e+02    2.55944e+02    2.57897e+02    2.57903e+02    2.55527e+02    2.50414e+02    2.43059e+02    2.37187e+02    2.35645e+02    2.36257e+02    2.35498e+02    2.31948e+02    2.26771e+02    2.21793e+02    2.17118e+02    2.11776e+02    2.05847e+02    1.99905e+02    1.91925e+02    1.80664e+02    1.70618e+02    1.59606e+02    1.52460e+02    1.50966e+02    1.50391e+02    1.50202e+02    1.50152e+02    1.50103e+02    1.49423e+02    1.48527e+02    1.47812e+02
+094 ||    1.51126e+02    2.18548e+02    2.26118e+02    2.31253e+02    2.36622e+02    2.40449e+02    2.42186e+02    2.43941e+02    2.44457e+02    2.46041e+02    2.46129e+02    2.47842e+02    2.50901e+02    2.52341e+02    2.53118e+02    2.53940e+02    2.53621e+02    2.53345e+02    2.55210e+02    2.57210e+02    2.56099e+02    2.53156e+02    2.48797e+02    2.42725e+02    2.37201e+02    2.35442e+02    2.36405e+02    2.35647e+02    2.31119e+02    2.25010e+02    2.19460e+02    2.14506e+02    2.09389e+02    2.02946e+02    1.96155e+02    1.88058e+02    1.78037e+02    1.69125e+02    1.58387e+02    1.52155e+02    1.50906e+02    1.50381e+02    1.50134e+02    1.50090e+02    1.50090e+02    1.49499e+02    1.48517e+02    1.47812e+02
+100 ||    1.51126e+02    2.18070e+02    2.24570e+02    2.29970e+02    2.34530e+02    2.38675e+02    2.41310e+02    2.43424e+02    2.44393e+02    2.45667e+02    2.45598e+02    2.47251e+02    2.49587e+02    2.50849e+02    2.51659e+02    2.53182e+02    2.53250e+02    2.53795e+02    2.55424e+02    2.55477e+02    2.53421e+02    2.50712e+02    2.46732e+02    2.41824e+02    2.38444e+02    2.37104e+02    2.35882e+02    2.32767e+02    2.27670e+02    2.22045e+02    2.16358e+02    2.10839e+02    2.05587e+02    1.99708e+02    1.92987e+02    1.84957e+02    1.76035e+02    1.67787e+02    1.57311e+02    1.51910e+02    1.50827e+02    1.50379e+02    1.50076e+02    1.50031e+02    1.50043e+02    1.49629e+02    1.48551e+02    1.47812e+02
+105 ||    1.51126e+02    2.17119e+02    2.22870e+02    2.28279e+02    2.33066e+02    2.36679e+02    2.39822e+02    2.42257e+02    2.43082e+02    2.43937e+02    2.44347e+02    2.45578e+02    2.47704e+02    2.48848e+02    2.49713e+02    2.51630e+02    2.53014e+02    2.53214e+02    2.52953e+02    2.51739e+02    2.48715e+02    2.45893e+02    2.43694e+02    2.41781e+02    2.40067e+02    2.36748e+02    2.32152e+02    2.27957e+02    2.23640e+02    2.18663e+02    2.13332e+02    2.08179e+02    2.02995e+02    1.97163e+02    1.90507e+02    1.82660e+02    1.74448e+02    1.66669e+02    1.56799e+02    1.53311e+02    1.51029e+02    1.50377e+02    1.50067e+02    1.50025e+02    1.49997e+02    1.49800e+02    1.48631e+02    1.47812e+02
+111 ||    1.51126e+02    2.16254e+02    2.21549e+02    2.26455e+02    2.30561e+02    2.33723e+02    2.36912e+02    2.39423e+02    2.40873e+02    2.42073e+02    2.43090e+02    2.43167e+02    2.44386e+02    2.45529e+02    2.46885e+02    2.48620e+02    2.50399e+02    2.50394e+02    2.48956e+02    2.46538e+02    2.44011e+02    2.42513e+02    2.41736e+02    2.39748e+02    2.36280e+02    2.31342e+02    2.27388e+02    2.24287e+02    2.20189e+02    2.15505e+02    2.10792e+02    2.06147e+02    2.00975e+02    1.94843e+02    1.88206e+02    1.80589e+02    1.72889e+02    1.65353e+02    1.56061e+02    1.53335e+02    1.50958e+02    1.50343e+02    1.50077e+02    1.50004e+02    1.49953e+02    1.49954e+02    1.48760e+02    1.47812e+02
+117 ||    1.51126e+02    2.15528e+02    2.20394e+02    2.24591e+02    2.28394e+02    2.30713e+02    2.33436e+02    2.36188e+02    2.38083e+02    2.39324e+02    2.39750e+02    2.39951e+02    2.40761e+02    2.42020e+02    2.43711e+02    2.45304e+02    2.45633e+02    2.45050e+02    2.43626e+02    2.41259e+02    2.39655e+02    2.38801e+02    2.36564e+02    2.33196e+02    2.29167e+02    2.25211e+02    2.23139e+02    2.20823e+02    2.17159e+02    2.13107e+02    2.08918e+02    2.04218e+02    1.98777e+02    1.92525e+02    1.86118e+02    1.78776e+02    1.71316e+02    1.63481e+02    1.55149e+02    1.52979e+02    1.50830e+02    1.50310e+02    1.50087e+02    1.49997e+02    1.49948e+02    1.50024e+02    1.48782e+02    1.47812e+02
+122 ||    1.51126e+02    2.14967e+02    2.19014e+02    2.22745e+02    2.25457e+02    2.26687e+02    2.29292e+02    2.32832e+02    2.34958e+02    2.36175e+02    2.36349e+02    2.35438e+02    2.36204e+02    2.38377e+02    2.40590e+02    2.41570e+02    2.40407e+02    2.39466e+02    2.38458e+02    2.36856e+02    2.35783e+02    2.33145e+02    2.29030e+02    2.25779e+02    2.23770e+02    2.22267e+02    2.20552e+02    2.17684e+02    2.13995e+02    2.10890e+02    2.07643e+02    2.01648e+02    1.96254e+02    1.90266e+02    1.83914e+02    1.76886e+02    1.69720e+02    1.61177e+02    1.54176e+02    1.52524e+02    1.50755e+02    1.50305e+02    1.50080e+02    1.49994e+02    1.49971e+02    1.50090e+02    1.48808e+02    1.47812e+02
+128 ||    1.51126e+02    2.14377e+02    2.17541e+02    2.20401e+02    2.22077e+02    2.23922e+02    2.25969e+02    2.28695e+02    2.31243e+02    2.32322e+02    2.32800e+02    2.31627e+02    2.31526e+02    2.32929e+02    2.35346e+02    2.36240e+02    2.35330e+02    2.35128e+02    2.34541e+02    2.32386e+02    2.31110e+02    2.28708e+02    2.25425e+02    2.23253e+02    2.21626e+02    2.19470e+02    2.17752e+02    2.15117e+02    2.11897e+02    2.09255e+02    2.05648e+02    2.00735e+02    1.95321e+02    1.88823e+02    1.82293e+02    1.75489e+02    1.68414e+02    1.58989e+02    1.53085e+02    1.51736e+02    1.50608e+02    1.50285e+02    1.50092e+02    1.50001e+02    1.50011e+02    1.50115e+02    1.48974e+02    1.47812e+02
+134 ||    1.51126e+02    2.13855e+02    2.16416e+02    2.18513e+02    2.18402e+02    2.20628e+02    2.22332e+02    2.24557e+02    2.28040e+02    2.28964e+02    2.28722e+02    2.27065e+02    2.26379e+02    2.28786e+02    2.32226e+02    2.33134e+02    2.31909e+02    2.31560e+02    2.30755e+02    2.27909e+02    2.24648e+02    2.22793e+02    2.23200e+02    2.22898e+02    2.21560e+02    2.20108e+02    2.17515e+02    2.12625e+02    2.06664e+02    2.01180e+02    1.98051e+02    1.97303e+02    1.93900e+02    1.86797e+02    1.80192e+02    1.73722e+02    1.66698e+02    1.57393e+02    1.52291e+02    1.51147e+02    1.50526e+02    1.50274e+02    1.50124e+02    1.50038e+02    1.50058e+02    1.50108e+02    1.49096e+02    1.47812e+02
+140 ||    1.51126e+02    2.13183e+02    2.14998e+02    2.16641e+02    2.15751e+02    2.16603e+02    2.18939e+02    2.20827e+02    2.24017e+02    2.25824e+02    2.24841e+02    2.21715e+02    2.21768e+02    2.24255e+02    2.27715e+02    2.29247e+02    2.29403e+02    2.28392e+02    2.26701e+02    2.24587e+02    2.21343e+02    2.18986e+02    2.18306e+02    2.17740e+02    2.17664e+02    2.18415e+02    2.16443e+02    2.07981e+02    1.96200e+02    1.88081e+02    1.84950e+02    1.85373e+02    1.88197e+02    1.84163e+02    1.78569e+02    1.72613e+02    1.65583e+02    1.56522e+02    1.51703e+02    1.50790e+02    1.50473e+02    1.50242e+02    1.50143e+02    1.50091e+02    1.50111e+02    1.50103e+02    1.49135e+02    1.47812e+02
+145 ||    1.51126e+02    2.12408e+02    2.13624e+02    2.13854e+02    2.12585e+02    2.12976e+02    2.14326e+02    2.17719e+02    2.20418e+02    2.22476e+02    2.22540e+02    2.21388e+02    2.22098e+02    2.23711e+02    2.25703e+02    2.27764e+02    2.27972e+02    2.26940e+02    2.24068e+02    2.19741e+02    2.16492e+02    2.14704e+02    2.12180e+02    2.10736e+02    2.10870e+02    2.13406e+02    2.14078e+02    2.06177e+02    1.93965e+02    1.85321e+02    1.84690e+02    1.82634e+02    1.85240e+02    1.81658e+02    1.76360e+02    1.70909e+02    1.64596e+02    1.56491e+02    1.51755e+02    1.50653e+02    1.50403e+02    1.50227e+02    1.50165e+02    1.50154e+02    1.50183e+02    1.50086e+02    1.49183e+02    1.47812e+02
+151 ||    1.51126e+02    2.11746e+02    2.12324e+02    2.12381e+02    2.09903e+02    2.08648e+02    2.09878e+02    2.13900e+02    2.16103e+02    2.19167e+02    2.20978e+02    2.21269e+02    2.21202e+02    2.22225e+02    2.22727e+02    2.24177e+02    2.25315e+02    2.24923e+02    2.21565e+02    2.16484e+02    2.15153e+02    2.14556e+02    2.10190e+02    2.05119e+02    2.03330e+02    2.06936e+02    2.12085e+02    2.10591e+02    2.04225e+02    1.96963e+02    1.92744e+02    1.88165e+02    1.84856e+02    1.81198e+02    1.76324e+02    1.71143e+02    1.64717e+02    1.57102e+02    1.51972e+02    1.50564e+02    1.50334e+02    1.50248e+02    1.50215e+02    1.50193e+02    1.50219e+02    1.50062e+02    1.49319e+02    1.47812e+02
+157 ||    1.51126e+02    2.11132e+02    2.10684e+02    2.10675e+02    2.08060e+02    2.05440e+02    2.06793e+02    2.12470e+02    2.14304e+02    2.16877e+02    2.18612e+02    2.19462e+02    2.19440e+02    2.20026e+02    2.20296e+02    2.21110e+02    2.22232e+02    2.20650e+02    2.18227e+02    2.15916e+02    2.14737e+02    2.12492e+02    2.06956e+02    2.01934e+02    1.99043e+02    2.00273e+02    2.07118e+02    2.11131e+02    2.08296e+02    2.02851e+02    1.97143e+02    1.90535e+02    1.84078e+02    1.79653e+02    1.75565e+02    1.70771e+02    1.64774e+02    1.57914e+02    1.52416e+02    1.50838e+02    1.50296e+02    1.50246e+02    1.50255e+02    1.50241e+02    1.50256e+02    1.50027e+02    1.49151e+02    1.47812e+02
+162 ||    1.51126e+02    2.10447e+02    2.09375e+02    2.08135e+02    2.05511e+02    2.03499e+02    2.05764e+02    2.08950e+02    2.11705e+02    2.13613e+02    2.15080e+02    2.16656e+02    2.16096e+02    2.16984e+02    2.19136e+02    2.18770e+02    2.17835e+02    2.15531e+02    2.14214e+02    2.13382e+02    2.10249e+02    2.05767e+02    2.01694e+02    1.98553e+02    1.95376e+02    1.94981e+02    2.00667e+02    2.06552e+02    2.05635e+02    2.00902e+02    1.95466e+02    1.89088e+02    1.83415e+02    1.79104e+02    1.74155e+02    1.69999e+02    1.64712e+02    1.58498e+02    1.53002e+02    1.51486e+02    1.50425e+02    1.50261e+02    1.50253e+02    1.50234e+02    1.50276e+02    1.49969e+02    1.49077e+02    1.47812e+02
+168 ||    1.51126e+02    2.09807e+02    2.07746e+02    2.05924e+02    2.02561e+02    1.98550e+02    2.01515e+02    2.06121e+02    2.10545e+02    2.13722e+02    2.14373e+02    2.14140e+02    2.14484e+02    2.15172e+02    2.15450e+02    2.16278e+02    2.14797e+02    2.12981e+02    2.12647e+02    2.11199e+02    2.06191e+02    1.98734e+02    1.94036e+02    1.93403e+02    1.92700e+02    1.92732e+02    1.93793e+02    1.97818e+02    1.99965e+02    1.95959e+02    1.87497e+02    1.80420e+02    1.81355e+02    1.82221e+02    1.77581e+02    1.71534e+02    1.65243e+02    1.59035e+02    1.53598e+02    1.52069e+02    1.50604e+02    1.50299e+02    1.50316e+02    1.50363e+02    1.50347e+02    1.49937e+02    1.49297e+02    1.47812e+02
+174 ||    1.51126e+02    2.09136e+02    2.06919e+02    2.04084e+02    2.01042e+02    1.98536e+02    2.00417e+02    2.04993e+02    2.09693e+02    2.12816e+02    2.14116e+02    2.13869e+02    2.13241e+02    2.14336e+02    2.14783e+02    2.15194e+02    2.14710e+02    2.13174e+02    2.11665e+02    2.08992e+02    2.02400e+02    1.94905e+02    1.92101e+02    1.91232e+02    1.91228e+02    1.91289e+02    1.89582e+02    1.87869e+02    1.86609e+02    1.85346e+02    1.79880e+02    1.77037e+02    1.79022e+02    1.81680e+02    1.79128e+02    1.73054e+02    1.66208e+02    1.60240e+02    1.54505e+02    1.52635e+02    1.50773e+02    1.50366e+02    1.50396e+02    1.50441e+02    1.50374e+02    1.49887e+02    1.49249e+02    1.47812e+02
+180 ||    1.51126e+02    2.08549e+02    2.06133e+02    2.02873e+02    1.98173e+02    1.96552e+02    1.98391e+02    2.03798e+02    2.08146e+02    2.11988e+02    2.12625e+02    2.11772e+02    2.12105e+02    2.13492e+02    2.13363e+02    2.13074e+02    2.12966e+02    2.12476e+02    2.09957e+02    2.06766e+02    2.00963e+02    1.92194e+02    1.90527e+02    1.90815e+02    1.91419e+02    1.90756e+02    1.89026e+02    1.85504e+02    1.83540e+02    1.80514e+02    1.77610e+02    1.75164e+02    1.78911e+02    1.82430e+02    1.79389e+02    1.73497e+02    1.66892e+02    1.61127e+02    1.55416e+02    1.53469e+02    1.51043e+02    1.50463e+02    1.50430e+02    1.50439e+02    1.50377e+02    1.49854e+02    1.49383e+02    1.47812e+02
